test/Acheron_G20230122/DATA/ac_elev.asc
ncols 210
nrows 170
xllcenter 1489200.00
yllcenter 5201200.00
cellsize 20.00
NODATA_value -9999.000
[rows 58 to 86 of 170, columns 0 to 63 of 210]
1507.109 1494.540 1480.803 1469.442 1458.061 1444.419 1434.830 1427.653 1418.629 1404.144 1391.266 1380.023 1370.420 1360.236 1347.374 1334.802 1325.601 1318.144 1309.942 1303.567 1301.228 1299.558 1296.008 1291.919 1287.819 1283.450 1277.381 1266.167 1252.915 1239.905 1227.749 1221.556 1225.410 1234.692 1245.955 1253.225 1252.622 1244.441 1233.021 1220.081 1205.227 1191.344 1179.669 1168.500 1156.619 1141.036 1126.302 1112.452 1098.127 1082.374 1077.442 1081.589 1088.484 1093.237 1092.777 1089.985 1089.738 1093.075 1100.842 1108.582 1114.915 1120.487 1125.318 1128.775
1505.790 1493.984 1481.888 1471.148 1459.790 1447.624 1437.863 1430.958 1422.991 1410.985 1396.425 1382.948 1372.804 1363.282 1350.550 1336.698 1325.348 1315.532 1305.138 1295.696 1289.394 1285.534 1281.666 1276.857 1272.796 1268.792 1264.573 1258.151 1249.723 1239.292 1225.989 1215.986 1214.302 1220.359 1230.906 1239.315 1240.647 1235.449 1224.985 1210.022 1193.476 1181.812 1172.330 1161.473 1149.534 1135.463 1121.051 1108.007 1095.544 1082.532 1081.918 1092.582 1102.217 1106.575 1106.470 1104.494 1103.684 1105.473 1110.829 1118.241 1125.891 1133.436 1138.371 1140.333
1505.490 1496.511 1486.795 1475.929 1464.769 1453.875 1443.604 1435.944 1428.382 1417.887 1403.984 1389.801 1377.220 1366.620 1354.446 1340.136 1327.991 1317.757 1305.537 1293.316 1282.899 1274.963 1266.568 1260.306 1254.347 1250.114 1248.577 1246.581 1243.153 1236.463 1224.322 1211.589 1204.958 1207.875 1217.252 1226.142 1228.773 1224.557 1214.306 1198.117 1182.331 1171.939 1162.073 1151.552 1139.457 1125.118 1113.023 1101.897 1093.770 1089.085 1093.160 1104.185 1113.106 1116.252 1115.796 1113.720 1113.020 1115.193 1120.945 1131.018 1138.969 1144.379 1147.847 1149.973
1507.839 1501.317 1494.293 1483.178 1471.975 1460.962 1450.187 1441.199 1432.686 1421.215 1409.587 1396.623 1382.039 1369.971 1357.412 1341.824 1329.910 1319.388 1306.552 1293.391 1281.525 1271.330 1260.589 1253.891 1245.399 1238.590 1235.402 1233.470 1231.634 1226.303 1216.759 1203.688 1195.753 1197.536 1206.908 1216.018 1219.369 1215.674 1206.500 1192.333 1178.470 1167.035 1155.021 1142.279 1130.015 1117.720 1107.882 1099.793 1095.351 1096.279 1103.393 1115.409 1123.722 1126.814 1126.231 1123.424 1123.038 1126.351 1132.776 1141.626 1148.035 1152.259 1155.795 1159.199
1512.222 1507.168 1501.696 1491.932 1479.562 1467.557 1456.150 1445.321 1434.935 1424.134 1413.310 1400.747 1386.255 1371.572 1357.101 1341.691 1330.059 1319.556 1306.943 1294.737 1284.597 1274.518 1262.776 1257.112 1246.972 1238.063 1228.602 1221.755 1218.201 1212.042 1204.458 1194.741 1186.227 1187.397 1196.509 1205.233 1209.485 1207.763 1201.039 1190.644 1179.067 1166.120 1151.297 1136.660 1124.989 1115.450 1107.897 1102.119 1099.946 1103.231 1112.000 1123.687 1133.320 1138.371 1139.262 1138.568 1138.925 1141.249 1146.160 1152.704 1157.880 1161.681 1165.998 1170.711
1517.360 1511.854 1506.235 1498.070 1485.384 1472.271 1459.572 1446.875 1435.397 1424.906 1413.751 1401.074 1386.799 1370.592 1354.733 1340.529 1328.646 1318.168 1306.211 1295.089 1286.175 1277.771 1265.238 1257.337 1248.655 1238.725 1226.274 1216.012 1207.989 1200.329 1194.397 1185.856 1178.288 1177.874 1183.105 1190.478 1195.756 1196.247 1192.510 1185.372 1175.821 1163.909 1149.012 1133.063 1122.388 1116.101 1112.202 1109.502 1108.704 1111.742 1119.410 1130.345 1140.266 1146.515 1150.140 1152.774 1155.815 1159.427 1162.986 1168.425 1173.490 1176.948 1179.539 1182.627
1521.802 1514.336 1506.919 1498.565 1486.270 1472.317 1458.811 1445.945 1433.819 1421.819 1409.422 1396.219 1381.970 1367.151 1351.788 1338.056 1325.715 1314.619 1303.519 1292.943 1283.550 1275.761 1263.030 1256.487 1249.874 1240.120 1228.718 1218.136 1208.104 1199.973 1194.424 1186.303 1178.182 1174.230 1172.372 1172.337 1175.111 1177.211 1177.794 1174.343 1166.983 1157.095 1144.122 1128.085 1119.283 1116.437 1118.898 1120.022 1120.901 1123.153 1129.237 1138.350 1147.010 1154.608 1160.910 1166.740 1172.383 1177.151 1180.167 1184.125 1187.654 1189.780 1190.851 1191.961
1523.798 1512.967 1502.921 1493.391 1481.448 1467.932 1454.738 1442.054 1429.538 1416.534 1401.357 1386.293 1374.147 1360.999 1346.313 1332.731 1321.211 1310.864 1300.387 1290.143 1280.310 1273.664 1265.824 1260.798 1255.613 1246.572 1236.229 1226.375 1217.660 1210.483 1204.611 1196.428 1186.171 1177.565 1168.422 1160.605 1158.599 1159.583 1161.000 1159.985 1155.141 1147.864 1137.833 1123.147 1118.041 1119.796 1125.610 1131.805 1136.129 1138.760 1142.728 1149.766 1157.709 1166.193 1174.853 1180.702 1185.909 1189.689 1192.464 1195.624 1198.879 1200.205 1200.232 1200.160
1519.588 1506.320 1495.082 1485.118 1473.557 1461.172 1449.634 1437.496 1423.443 1409.476 1393.334 1378.386 1366.763 1354.229 1339.763 1326.150 1315.938 1307.306 1299.723 1291.629 1283.426 1279.907 1275.775 1271.166 1265.323 1257.345 1247.704 1238.651 1230.320 1224.101 1217.682 1208.431 1197.616 1185.468 1173.109 1161.722 1155.129 1152.256 1150.981 1148.962 1144.632 1139.804 1134.118 1126.224 1124.713 1128.556 1135.451 1142.633 1147.972 1152.537 1157.582 1163.931 1172.204 1180.343 1186.650 1191.902 1196.838 1200.443 1203.012 1206.699 1209.238 1210.216 1209.525 1208.652
1511.709 1497.669 1486.049 1475.982 1464.725 1454.096 1443.864 1432.053 1418.611 1404.394 1388.064 1373.667 1361.311 1347.624 1332.635 1319.619 1310.640 1303.645 1299.101 1296.709 1294.634 1292.722 1289.783 1285.214 1277.750 1269.218 1260.365 1251.599 1243.048 1235.728 1228.180 1218.965 1208.480 1196.432 1183.993 1172.228 1161.185 1153.646 1148.976 1145.356 1141.539 1138.370 1136.669 1136.141 1138.061 1141.146 1146.459 1151.985 1157.151 1163.035 1169.703 1177.683 1185.229 1191.674 1196.940 1202.512 1208.561 1212.895 1215.802 1218.986 1220.000 1219.784 1217.796 1216.491
1505.492 1490.798 1477.972 1466.321 1456.318 1447.390 1438.371 1426.760 1413.466 1399.351 1383.402 1370.330 1357.318 1340.787 1324.531 1313.330 1305.393 1299.251 1296.072 1298.043 1301.844 1304.267 1305.029 1303.766 1295.668 1284.341 1274.731 1265.843 1257.233 1248.139 1239.332 1229.905 1220.719 1210.352 1199.236 1187.712 1174.650 1162.167 1154.267 1149.662 1146.740 1145.845 1147.935 1150.525 1152.859 1154.799 1158.065 1161.052 1165.320 1171.291 1178.846 1187.175 1195.875 1203.328 1209.884 1216.165 1220.874 1224.305 1226.314 1228.232 1228.733 1227.666 1225.003 1222.937
1501.010 1485.081 1471.184 1459.292 1449.817 1441.280 1432.598 1421.150 1407.119 1393.009 1379.241 1366.518 1351.513 1333.478 1318.025 1307.507 1298.526 1289.802 1286.841 1291.476 1300.198 1308.502 1316.100 1319.672 1313.674 1299.990 1288.273 1278.758 1269.941 1261.348 1252.230 1241.838 1232.670 1223.919 1214.424 1202.528 1188.879 1174.609 1164.735 1159.991 1158.980 1160.161 1164.144 1168.159 1169.928 1170.004 1169.835 1171.146 1174.593 1179.889 1187.773 1197.016 1207.194 1216.621 1222.759 1227.205 1230.422 1232.683 1234.315 1235.272 1235.527 1234.686 1231.919 1228.426
1496.834 1480.272 1466.154 1454.616 1445.164 1436.685 1427.167 1415.114 1399.743 1385.865 1373.822 1361.159 1344.203 1326.569 1312.521 1301.672 1290.320 1279.631 1275.258 1279.149 1289.924 1302.415 1313.476 1320.379 1318.940 1306.926 1295.619 1286.554 1279.347 1272.269 1263.273 1252.248 1241.996 1233.640 1224.256 1212.839 1200.201 1187.220 1178.026 1173.230 1172.552 1174.705 1178.880 1182.665 1184.359 1183.626 1181.625 1182.530 1186.851 1192.291 1199.709 1208.479 1217.990 1225.861 1231.037 1234.458 1236.774 1238.224 1239.739 1240.051 1240.034 1239.711 1236.616 1232.375
1491.507 1475.684 1461.821 1450.608 1440.946 1431.805 1420.873 1407.136 1392.391 1379.451 1367.876 1353.967 1336.094 1319.727 1306.568 1294.660 1282.200 1271.707 1265.122 1264.518 1273.320 1287.481 1299.627 1308.079 1309.526 1302.671 1296.215 1290.362 1285.313 1279.882 1271.344 1260.497 1250.347 1241.421 1232.571 1221.908 1211.018 1200.475 1192.680 1187.927 1186.438 1187.524 1190.415 1193.596 1195.010 1194.738 1194.720 1197.698 1203.233 1208.404 1213.392 1219.797 1226.568 1232.404 1236.239 1238.744 1240.262 1241.760 1242.802 1243.173 1242.392 1240.792 1238.369 1233.940
1487.589 1472.111 1458.140 1446.254 1436.413 1426.360 1414.485 1400.204 1385.762 1373.406 1361.276 1345.521 1329.113 1313.971 1300.644 1287.879 1275.954 1265.901 1258.663 1255.227 1259.522 1270.687 1282.300 1290.238 1293.501 1292.916 1291.183 1288.969 1286.201 1282.716 1275.803 1266.156 1257.274 1249.408 1241.565 1233.311 1224.250 1216.203 1209.427 1204.035 1201.589 1201.561 1202.688 1205.283 1206.776 1207.464 1209.812 1214.707 1220.036 1223.666 1226.346 1230.173 1234.382 1237.719 1239.835 1241.309 1243.219 1244.327 1244.769 1244.298 1242.830 1240.217 1237.433 1232.827
1485.005 1469.379 1454.089 1441.751 1431.447 1420.236 1407.470 1393.659 1379.543 1366.917 1353.599 1338.101 1323.915 1309.378 1294.968 1281.726 1270.572 1260.662 1252.318 1247.585 1249.172 1257.348 1267.608 1273.952 1277.454 1279.159 1280.818 1281.710 1280.754 1279.427 1274.763 1268.096 1261.897 1256.298 1250.567 1244.014 1236.548 1230.164 1224.887 1220.484 1218.479 1218.175 1218.459 1219.147 1219.569 1220.145 1222.899 1226.827 1230.461 1233.159 1235.529 1238.105 1239.963 1240.975 1242.025 1243.016 1243.656 1243.210 1242.570 1241.416 1239.963 1237.987 1233.986 1229.209
1483.168 1466.394 1450.702 1438.467 1427.001 1413.605 1399.870 1387.069 1373.468 1359.620 1344.724 1332.100 1319.668 1305.031 1290.055 1276.743 1265.680 1255.241 1245.540 1240.188 1240.482 1248.172 1257.596 1260.845 1261.385 1261.918 1264.005 1266.812 1269.473 1270.529 1268.888 1265.785 1262.625 1259.968 1257.429 1252.944 1247.206 1241.571 1236.628 1232.759 1230.862 1230.100 1229.890 1229.659 1229.533 1230.007 1231.835 1234.311 1236.505 1238.366 1240.037 1241.858 1242.618 1242.216 1241.521 1239.848 1237.880 1234.427 1231.648 1230.688 1230.705 1230.248 1227.363 1223.624
1481.345 1463.980 1447.829 1435.118 1423.605 1409.221 1394.610 1381.533 1367.575 1352.316 1338.187 1327.547 1316.481 1301.302 1286.464 1273.203 1261.375 1249.962 1239.312 1232.787 1233.184 1241.612 1249.686 1251.761 1249.343 1246.949 1247.683 1251.457 1256.421 1259.940 1260.431 1260.107 1259.942 1260.044 1260.559 1258.884 1255.883 1251.566 1246.118 1241.285 1239.231 1237.601 1237.237 1236.429 1236.223 1236.537 1237.603 1238.749 1239.391 1240.772 1242.160 1243.428 1242.985 1240.648 1235.152 1227.931 1222.168 1218.215 1215.328 1215.194 1217.352 1218.879 1218.494 1216.715
1478.741 1461.662 1445.333 1431.784 1419.012 1404.166 1390.554 1377.208 1361.678 1346.010 1333.250 1323.198 1311.958 1297.836 1282.685 1269.624 1258.252 1246.356 1234.293 1225.021 1223.225 1234.091 1243.987 1245.485 1240.592 1234.663 1233.518 1237.838 1244.091 1249.053 1251.068 1251.573 1252.366 1254.646 1258.015 1260.066 1260.111 1258.546 1253.286 1248.064 1244.476 1242.314 1241.117 1239.997 1239.993 1239.999 1240.027 1240.560 1240.609 1241.770 1243.042 1243.263 1241.451 1235.367 1224.124 1213.496 1205.876 1201.376 1199.898 1200.095 1201.332 1203.376 1205.801 1207.144
1474.731 1459.132 1442.004 1426.585 1411.694 1398.649 1386.515 1372.516 1356.015 1340.023 1328.349 1318.798 1307.520 1293.697 1278.693 1264.722 1253.856 1243.250 1230.238 1219.065 1216.316 1225.244 1237.127 1238.603 1231.843 1222.380 1219.021 1223.327 1230.435 1236.525 1238.540 1238.601 1239.197 1242.072 1247.409 1253.262 1257.956 1258.576 1254.625 1250.885 1247.913 1245.565 1243.550 1241.984 1241.170 1240.809 1240.561 1239.988 1239.979 1241.009 1241.797 1240.452 1237.101 1228.099 1214.513 1201.485 1192.672 1187.377 1185.464 1185.365 1185.999 1187.610 1190.322 1194.194
1468.873 1454.838 1438.574 1420.730 1403.776 1392.555 1382.397 1368.030 1349.709 1334.392 1323.500 1314.113 1303.352 1289.273 1272.588 1258.025 1247.855 1237.560 1223.460 1211.764 1207.126 1213.290 1223.754 1226.525 1220.635 1209.743 1203.559 1207.892 1215.371 1220.514 1221.315 1220.785 1221.853 1225.798 1231.236 1237.311 1242.854 1246.716 1248.700 1249.281 1248.458 1246.694 1244.354 1241.728 1239.884 1237.914 1236.796 1235.539 1235.498 1236.524 1236.779 1234.875 1229.634 1220.070 1205.472 1192.148 1181.927 1174.505 1170.385 1169.271 1169.459 1170.826 1173.970 1178.755
1461.913 1448.872 1433.190 1415.173 1398.408 1387.228 1377.299 1362.502 1343.982 1329.302 1318.534 1308.463 1297.624 1283.285 1265.755 1251.156 1240.844 1230.208 1216.403 1204.127 1197.050 1199.221 1207.264 1211.767 1209.007 1199.863 1193.067 1194.467 1200.887 1205.335 1205.375 1204.172 1206.255 1209.799 1215.259 1221.750 1228.095 1234.113 1240.427 1244.927 1246.350 1245.301 1243.136 1239.247 1234.334 1230.277 1227.401 1225.839 1225.557 1226.039 1226.213 1224.500 1218.684 1208.905 1196.321 1183.944 1172.529 1162.502 1156.895 1154.798 1154.850 1156.504 1159.854 1164.640
1454.284 1441.525 1426.743 1410.127 1394.529 1382.254 1371.476 1356.618 1338.544 1324.300 1312.842 1301.576 1290.048 1276.795 1260.504 1245.441 1234.785 1224.481 1211.072 1197.828 1188.194 1186.007 1189.792 1195.181 1196.337 1189.814 1181.448 1179.340 1183.599 1189.277 1191.663 1192.050 1193.763 1196.876 1202.047 1208.960 1215.686 1222.311 1230.240 1237.850 1241.751 1240.815 1238.785 1232.240 1224.883 1219.807 1215.480 1212.222 1210.436 1210.229 1210.443 1209.465 1204.481 1197.146 1187.490 1176.368 1164.645 1154.116 1147.215 1144.358 1144.135 1145.005 1147.483 1152.578
1444.422 1432.272 1418.977 1405.202 1391.768 1379.682 1367.227 1351.546 1333.914 1319.975 1307.784 1295.280 1282.505 1270.375 1256.728 1241.877 1231.122 1220.217 1206.031 1192.424 1181.247 1175.525 1174.174 1176.251 1178.453 1175.412 1167.479 1162.811 1165.178 1171.699 1176.824 1178.902 1182.008 1186.142 1191.626 1198.411 1205.272 1212.166 1218.921 1226.944 1233.577 1234.363 1230.921 1223.841 1216.019 1209.551 1203.216 1198.424 1194.683 1193.646 1194.142 1194.780 1193.124 1188.133 1180.590 1171.170 1159.645 1147.424 1138.202 1133.432 1132.630 1133.450 1136.364 1141.881
1432.417 1421.674 1410.474 1399.127 1387.809 1376.329 1363.182 1345.856 1329.643 1316.427 1304.198 1290.150 1276.837 1265.513 1253.384 1240.477 1229.267 1217.932 1202.936 1190.509 1179.474 1170.789 1164.469 1161.406 1161.375 1159.441 1155.005 1151.714 1152.010 1155.264 1159.495 1162.426 1167.515 1173.824 1180.588 1187.707 1195.905 1203.214 1209.925 1216.884 1223.464 1225.732 1223.055 1216.730 1208.844 1200.955 1193.375 1186.229 1181.151 1179.583 1180.427 1182.957 1183.774 1180.770 1175.129 1166.659 1155.021 1140.631 1127.578 1120.524 1119.284 1120.981 1125.865 1133.383
1419.311 1410.653 1401.439 1392.726 1383.327 1371.712 1357.892 1341.493 1326.464 1313.521 1300.368 1284.906 1271.998 1260.792 1249.440 1237.924 1226.423 1215.782 1203.896 1192.213 1180.512 1171.285 1163.151 1155.655 1149.512 1146.036 1144.340 1143.236 1141.968 1141.297 1144.170 1147.811 1153.127 1160.255 1168.069 1175.707 1183.387 1192.145 1199.861 1206.815 1213.637 1218.059 1216.134 1210.404 1202.576 1193.065 1182.859 1174.239 1168.225 1166.266 1167.054 1169.400 1171.113 1170.365 1166.481 1159.765 1148.507 1132.881 1117.789 1108.784 1105.995 1108.184 1114.642 1123.910
1408.155 1401.319 1394.229 1386.170 1377.342 1364.842 1350.500 1335.648 1321.933 1309.542 1296.145 1280.614 1266.983 1254.420 1242.537 1231.162 1220.838 1212.331 1203.867 1194.095 1183.606 1174.991 1165.653 1154.618 1142.599 1137.815 1136.116 1134.478 1131.858 1130.121 1131.913 1135.781 1141.196 1148.278 1156.413 1164.399 1171.847 1179.508 1187.415 1195.762 1203.274 1209.388 1209.444 1204.218 1196.201 1185.503 1173.922 1163.322 1157.258 1154.429 1153.222 1153.059 1153.749 1154.166 1151.853 1147.127 1138.703 1125.410 1110.315 1099.213 1094.611 1096.302 1103.376 1114.599
1399.148 1393.474 1386.988 1378.996 1368.978 1356.453 1342.598 1328.780 1315.565 1302.672 1288.345 1274.162 1260.529 1246.465 1233.522 1222.275 1213.896 1206.733 1200.015 1192.736 1185.280 1178.836 1169.168 1157.041 1142.347 1136.009 1131.837 1126.631 1121.382 1119.833 1121.078 1125.396 1131.426 1139.043 1146.911 1154.132 1161.355 1169.050 1176.994 1186.297 1195.910 1202.531 1203.597 1199.620 1190.860 1179.652 1167.255 1157.132 1150.326 1144.909 1139.600 1135.798 1134.034 1133.180 1133.742 1133.148 1128.553 1118.485 1104.455 1091.371 1084.583 1085.658 1093.397 1105.302
1390.176 1384.610 1378.054 1369.827 1359.860 1348.190 1335.060 1321.184 1307.064 1292.694 1278.007 1265.504 1252.753 1239.153 1226.368 1215.171 1206.232 1199.345 1192.816 1187.505 1182.844 1178.158 1170.038 1159.112 1146.526 1139.145 1132.308 1124.182 1116.712 1112.546 1112.378 1115.942 1122.254 1130.548 1137.754 1142.907 1150.869 1159.612 1168.645 1178.865 1188.639 1194.820 1195.638 1191.913 1183.785 1173.550 1162.032 1153.026 1145.318 1136.804 1125.519 1118.328 1115.815 1115.726 1117.744 1119.622 1118.606 1111.372 1098.438 1082.988 1073.636 1073.496 1081.625 1095.542
