test/Acheron_G20230122/DATA/ac_elev.asc
ncols 210
nrows 170
xllcenter 1489200.00
yllcenter 5201200.00
cellsize 20.00
NODATA_value -9999.000
[rows 29 to 57 of 170, columns 128 to 191 of 210]
1132.731 1130.172 1127.041 1122.199 1116.623 1108.992 1099.676 1090.182 1079.651 1067.260 1054.260 1039.964 1022.308 1006.582 995.586 987.947 979.477 966.873 953.913 943.691 937.692 933.396 928.930 924.443 921.028 919.452 918.557 919.226 919.986 919.999 919.989 920.073 924.528 931.481 936.165 940.114 947.263 955.743 963.657 971.572 979.268 984.614 989.582 995.681 1003.995 1012.821 1018.849 1023.422 1027.451 1030.297 1032.165 1032.855 1031.797 1027.693 1019.603 1008.103 1000.830 999.966 1004.777 1013.194 1020.465 1025.156 1028.170 1029.875
1121.665 1119.744 1116.454 1111.749 1106.295 1100.031 1093.364 1086.055 1077.164 1066.080 1053.915 1040.391 1022.997 1006.936 995.673 987.641 978.560 964.645 950.341 939.499 933.610 930.075 927.019 924.035 921.622 920.472 919.954 918.250 918.586 918.707 918.478 918.689 924.947 935.177 939.021 940.970 946.096 953.417 960.832 968.454 976.007 981.715 985.677 990.768 997.074 1003.515 1009.390 1015.607 1020.558 1024.144 1026.571 1027.770 1026.670 1021.563 1012.548 1000.566 994.247 994.502 1000.679 1008.687 1015.337 1019.255 1021.249 1023.717
1112.182 1108.874 1104.566 1099.036 1092.779 1087.818 1084.192 1079.938 1072.718 1062.271 1050.812 1037.681 1021.602 1006.835 995.462 986.198 975.267 960.331 945.357 935.400 930.102 927.219 925.211 923.311 921.542 920.324 919.642 918.213 917.738 917.900 918.229 918.804 925.877 937.961 940.772 941.328 944.290 949.800 956.681 963.654 971.188 977.429 980.949 986.034 991.520 996.544 1001.185 1006.677 1011.696 1016.162 1019.787 1022.227 1022.000 1016.641 1006.779 995.510 987.920 986.597 992.847 999.846 1005.553 1009.805 1012.337 1013.962
1100.790 1095.812 1089.147 1082.473 1076.561 1072.522 1070.205 1068.163 1064.118 1056.849 1045.626 1033.605 1020.135 1006.545 995.002 984.536 971.652 955.700 940.488 931.700 927.010 924.529 923.190 922.021 920.697 919.509 918.682 917.534 917.279 917.794 918.282 919.164 925.484 935.847 940.084 940.750 941.552 945.592 951.986 959.197 966.367 973.046 978.211 982.828 987.752 992.298 996.386 999.615 1002.692 1006.168 1011.320 1015.248 1015.640 1011.208 1002.880 991.751 981.653 977.192 978.703 984.137 990.549 996.486 999.382 1000.599
1086.808 1080.289 1073.705 1067.582 1062.336 1059.297 1057.109 1055.972 1053.746 1048.281 1039.586 1029.379 1017.697 1004.599 993.121 981.359 967.208 950.481 936.581 928.577 923.977 921.341 919.939 919.571 918.208 917.343 916.964 916.740 917.657 918.609 919.427 920.234 925.550 932.911 937.490 938.866 939.893 942.222 948.086 955.410 962.578 969.568 975.674 980.416 984.858 988.722 991.966 994.712 997.411 1000.170 1004.202 1007.107 1007.688 1005.364 998.935 987.866 976.864 969.482 967.579 970.880 976.175 981.172 985.109 987.616
1072.720 1066.354 1060.122 1054.682 1051.147 1049.245 1047.739 1045.975 1043.371 1039.348 1032.900 1024.082 1012.593 999.947 989.015 977.302 962.070 946.086 933.562 925.262 919.924 916.077 913.378 912.863 912.973 913.835 915.321 917.061 918.791 919.977 920.540 922.099 925.753 930.551 934.236 936.261 937.856 940.013 944.807 952.176 959.926 966.805 972.888 978.001 981.849 985.228 988.062 990.841 994.090 997.521 999.678 1000.194 1000.308 999.938 995.159 985.372 973.909 963.966 960.050 962.662 967.544 971.470 974.156 976.105
1058.718 1051.627 1045.824 1041.311 1039.440 1038.209 1036.466 1033.634 1031.105 1029.521 1024.852 1016.570 1005.493 993.964 983.491 971.678 956.941 941.453 929.833 920.308 911.904 906.286 904.248 904.976 906.866 910.012 913.868 917.502 919.959 921.009 921.851 923.286 925.693 928.700 931.408 933.474 935.344 937.816 942.015 949.083 957.167 963.829 969.443 974.267 978.276 981.665 984.140 986.840 990.067 992.993 994.625 994.887 994.639 993.748 990.064 982.659 972.074 961.205 956.904 958.438 961.212 963.621 964.584 964.526
1043.622 1038.002 1033.699 1029.671 1026.354 1023.195 1020.618 1018.189 1018.021 1018.802 1014.839 1006.637 996.851 987.104 977.227 965.755 950.982 936.851 925.550 914.103 903.014 897.927 897.297 899.484 901.881 906.964 912.808 918.018 920.680 921.773 922.597 923.636 925.101 926.935 928.884 930.810 932.908 935.653 939.661 945.558 953.062 959.842 965.225 970.118 974.584 978.372 980.288 982.898 985.756 988.119 989.285 989.429 988.799 987.256 984.615 979.251 970.220 960.176 953.106 949.503 949.997 952.483 953.697 954.272
1033.195 1029.123 1024.286 1018.490 1013.024 1010.387 1008.136 1006.118 1006.026 1005.782 1001.903 995.574 988.347 980.814 971.661 959.891 944.673 931.462 920.118 907.318 897.562 893.891 894.156 896.525 899.953 905.594 912.190 918.015 920.967 921.843 922.472 923.152 923.960 925.036 926.442 928.187 930.388 933.294 937.184 942.027 948.071 954.646 960.510 965.541 970.411 974.661 978.037 979.976 981.584 982.935 983.345 983.347 982.800 980.781 979.625 975.707 968.855 959.859 949.927 941.451 938.603 939.741 941.451 943.960
1025.771 1021.901 1014.911 1005.540 1000.239 999.192 997.510 994.327 993.103 991.716 988.271 984.118 979.403 973.683 964.938 953.052 938.625 924.943 912.332 900.552 894.186 892.338 893.522 896.391 900.004 905.404 911.711 917.308 920.042 920.944 921.572 922.057 922.426 923.022 924.009 925.493 927.633 930.528 934.213 938.383 942.979 949.109 955.536 960.638 965.445 969.639 973.103 975.081 976.292 976.549 976.376 976.390 976.515 975.819 974.756 972.199 967.127 959.119 947.890 938.487 931.743 929.096 929.964 932.774
1018.166 1013.018 1005.316 996.672 991.071 988.240 985.557 982.046 980.080 978.240 975.057 972.536 969.687 964.708 956.726 945.009 931.623 918.240 905.737 896.863 892.780 892.246 894.215 897.737 901.198 905.638 911.027 915.959 919.065 919.984 920.444 920.722 920.767 921.149 921.748 922.813 924.706 927.381 930.812 934.847 938.651 943.226 948.678 954.214 958.875 962.804 966.162 967.867 968.737 968.941 968.700 968.848 969.649 970.250 970.088 968.350 963.877 955.197 943.746 934.083 926.217 921.014 920.104 921.600
1007.175 1001.594 994.924 987.591 982.661 978.753 974.997 971.723 968.539 965.937 963.458 960.911 959.474 954.891 946.734 936.500 924.676 912.461 901.495 895.309 892.425 892.547 894.870 898.285 901.657 905.448 909.894 914.000 916.832 918.260 919.013 919.157 919.315 919.976 919.995 920.596 921.984 924.154 926.943 930.193 933.933 937.609 940.992 945.148 949.521 954.042 958.397 960.205 961.835 962.284 962.062 962.281 964.071 965.626 966.007 964.370 959.415 949.218 938.291 930.116 923.128 918.296 915.689 915.651
995.686 989.889 983.816 978.011 974.169 969.482 965.280 962.444 958.914 955.697 953.506 950.948 948.585 944.020 936.837 928.333 918.414 908.106 899.980 894.796 892.274 892.592 895.015 898.234 900.987 904.406 908.316 911.774 914.247 915.715 916.536 917.012 917.526 918.218 918.753 919.558 920.031 921.597 923.321 925.245 928.087 931.641 935.019 938.049 940.865 944.495 949.424 954.065 957.622 958.953 959.545 959.982 961.655 963.141 963.253 961.356 955.541 945.583 935.938 928.583 922.479 917.494 913.878 912.151
984.693 978.874 973.608 969.427 966.163 961.715 956.689 953.081 949.472 946.663 944.167 941.245 938.461 933.417 926.720 919.438 911.360 903.883 898.552 894.445 892.028 892.452 894.808 897.524 899.999 903.281 906.677 909.523 911.551 912.844 913.710 914.453 915.307 916.340 917.466 918.688 919.697 920.431 920.874 921.188 923.257 927.341 931.380 934.555 936.749 938.720 943.761 950.634 956.023 959.079 960.103 961.267 962.750 963.215 961.988 959.506 953.142 944.418 936.106 928.961 922.711 917.379 913.087 910.114
975.118 968.765 963.579 960.146 957.709 952.895 947.727 943.364 940.428 939.047 936.098 932.471 928.243 923.131 916.401 909.722 904.099 900.363 897.434 893.663 891.401 892.439 894.853 897.481 899.995 902.632 905.261 907.420 908.950 909.993 910.846 911.784 912.973 914.431 916.047 917.657 919.066 919.992 919.992 919.633 921.379 925.986 930.910 934.769 937.051 938.729 943.799 951.487 957.850 961.587 963.861 965.759 966.934 965.990 962.403 957.873 952.052 944.584 937.587 929.864 922.903 917.404 912.974 909.607
966.397 959.738 954.309 950.205 946.433 942.023 939.129 936.028 933.700 931.827 928.744 924.110 919.289 914.025 907.353 901.226 898.282 896.575 894.619 892.186 891.052 892.718 895.334 897.954 899.995 902.106 904.058 905.557 906.599 907.368 908.143 909.185 910.654 912.529 914.580 916.478 917.925 918.649 918.988 919.519 921.982 927.463 933.267 937.937 940.342 942.976 948.367 955.534 961.625 965.659 968.900 971.681 973.214 971.545 966.276 959.635 952.880 945.393 938.415 929.169 921.915 917.320 913.648 910.872
958.450 950.859 945.247 940.889 937.104 933.921 931.897 929.962 927.845 925.465 922.280 917.862 911.986 906.968 901.952 897.526 894.760 893.155 891.818 890.684 890.943 893.073 896.034 898.849 900.479 901.860 903.133 904.031 904.619 905.084 905.670 906.652 908.287 910.622 913.245 915.588 917.320 918.401 919.459 920.234 924.554 930.997 937.367 942.069 945.291 948.949 954.629 960.671 965.943 970.214 973.947 977.345 979.625 978.074 972.533 963.979 955.086 945.158 935.448 925.986 919.696 916.874 915.528 914.250
948.687 941.352 936.781 932.873 929.280 926.870 925.864 924.558 922.150 919.016 914.614 909.367 904.551 901.749 899.362 895.349 892.314 890.555 889.608 889.436 890.564 893.169 896.526 899.265 900.649 901.738 902.490 902.896 903.079 903.195 903.432 904.100 905.711 908.719 912.361 915.496 917.879 919.238 920.305 923.575 928.834 935.531 941.976 946.880 950.995 955.627 961.507 968.147 972.334 975.329 978.363 981.477 983.148 982.221 977.617 968.384 957.376 944.190 933.175 923.514 918.147 917.991 919.614 920.190
938.533 932.825 928.940 925.493 922.235 920.114 919.927 919.057 915.568 910.995 906.096 901.374 898.409 896.977 895.008 892.151 889.634 888.117 887.533 887.898 889.524 892.570 896.504 899.916 900.759 901.626 902.050 902.089 901.938 901.720 901.510 901.662 902.893 907.137 912.625 916.800 919.826 922.395 925.132 928.958 934.165 940.094 946.503 952.357 957.378 963.916 971.773 978.122 980.109 980.957 983.276 985.406 986.102 984.624 979.722 968.802 955.363 941.117 932.487 925.028 920.482 922.253 926.008 929.024
930.652 925.761 922.194 919.167 916.019 913.810 912.691 911.018 907.665 903.219 899.586 896.755 894.113 892.174 890.284 888.205 886.485 885.489 885.246 885.859 887.679 890.957 895.215 898.940 900.730 901.422 901.625 901.339 900.986 900.582 900.013 899.994 900.309 907.002 915.121 920.780 925.001 929.132 932.255 935.155 939.361 944.776 951.508 958.375 963.952 971.862 980.190 985.789 988.147 988.944 989.827 989.963 988.091 984.104 977.528 964.222 947.971 938.570 935.705 933.334 930.101 930.598 934.731 938.651
924.546 919.753 915.427 911.755 908.706 906.872 905.327 903.344 900.717 897.799 894.831 892.402 890.072 887.927 885.947 884.302 883.312 882.844 882.808 883.430 885.202 888.489 892.911 897.270 899.925 900.604 900.802 900.036 899.914 899.015 898.738 899.385 901.993 910.753 919.882 927.917 934.187 937.492 939.682 940.429 943.312 948.678 955.531 962.577 969.474 977.130 984.870 991.438 995.185 996.616 996.755 995.109 989.908 981.405 972.335 958.880 943.211 938.767 940.496 941.333 938.976 937.024 939.959 945.182
919.024 912.929 907.432 903.762 900.877 899.951 899.316 897.373 895.647 893.395 891.066 888.878 886.686 884.502 882.471 881.071 880.789 880.711 880.696 881.127 882.614 885.637 889.777 893.957 896.891 898.360 898.551 897.838 897.417 898.508 900.597 904.938 911.414 918.443 925.684 934.353 941.083 943.533 945.032 945.996 948.511 953.123 959.375 966.896 973.838 980.130 988.012 995.800 1000.725 1003.553 1003.659 1000.699 993.573 982.000 970.845 958.610 948.016 946.016 948.265 947.643 943.282 940.146 943.793 952.263
912.629 904.951 899.128 895.626 893.664 892.896 892.697 891.944 890.907 889.498 887.846 886.063 884.166 882.247 880.574 879.996 879.538 879.511 879.669 879.996 880.734 883.064 886.472 890.258 893.242 895.028 895.917 896.535 900.331 906.481 911.747 917.041 921.557 925.329 930.086 936.590 943.358 948.070 950.319 951.854 954.463 959.041 964.776 972.840 979.038 983.283 990.728 999.098 1006.181 1010.582 1010.611 1006.233 997.906 985.622 973.531 963.016 959.000 958.956 959.263 955.764 949.576 947.016 951.870 961.763
904.515 896.995 890.660 887.190 886.052 886.227 886.827 887.132 886.949 886.281 885.228 883.924 882.476 881.051 880.004 879.541 878.958 878.829 879.131 879.730 880.215 881.175 883.588 887.317 890.786 893.755 897.098 902.460 910.881 919.142 923.525 926.144 928.167 930.056 933.017 938.090 946.190 953.919 957.260 959.716 962.176 966.683 972.034 978.843 983.516 987.742 993.919 1001.889 1011.765 1017.378 1016.913 1010.697 1000.547 989.274 979.010 972.027 969.885 969.980 967.910 962.069 955.612 954.644 961.476 973.166
894.202 886.720 882.377 880.080 880.219 881.403 882.735 883.702 884.090 883.907 883.275 882.398 881.413 880.415 879.763 879.064 878.402 878.169 878.450 879.069 879.364 879.937 881.831 886.506 891.062 896.214 903.506 914.054 922.205 927.756 930.809 932.277 932.965 933.886 936.110 941.502 952.088 962.462 968.341 972.029 973.958 975.395 977.261 981.659 986.608 991.688 997.679 1006.015 1015.844 1021.229 1020.281 1014.080 1003.871 994.120 985.956 981.130 979.993 979.667 975.582 967.034 961.123 963.478 973.100 983.909
884.185 878.377 876.616 876.368 877.952 879.953 880.915 881.818 882.353 882.343 881.897 881.319 880.776 880.005 879.286 878.398 877.726 877.440 877.579 877.907 878.005 878.676 883.187 889.629 895.047 902.574 914.182 923.361 929.715 933.777 935.903 937.168 937.441 938.177 940.547 946.875 958.126 970.667 980.032 984.157 983.766 980.580 979.218 983.791 990.293 996.353 1002.649 1010.433 1017.830 1021.977 1021.754 1016.038 1006.942 999.224 993.846 990.836 989.234 986.983 981.777 974.544 971.826 976.348 983.559 992.452
876.972 873.643 873.019 874.093 876.331 878.698 880.012 880.904 881.415 881.375 880.914 880.412 880.308 879.571 878.431 877.514 877.010 876.868 877.053 877.472 878.352 881.607 890.244 897.810 902.776 911.735 921.909 929.354 934.657 938.307 940.157 942.065 943.551 944.568 946.920 952.221 962.151 975.800 987.364 992.890 991.644 987.216 985.797 990.547 996.758 1002.994 1009.430 1016.370 1021.332 1024.155 1022.373 1016.430 1009.176 1003.438 1000.493 999.624 997.610 994.197 987.158 980.695 979.855 983.555 990.829 1000.525
872.490 870.854 871.081 872.658 875.077 877.651 879.599 880.317 880.837 880.714 880.287 879.990 879.315 878.246 877.248 876.647 876.561 876.728 877.007 878.770 883.670 892.844 901.229 907.313 912.513 919.391 926.477 932.818 938.091 942.169 945.722 949.111 952.243 954.194 955.134 957.630 965.840 979.259 992.712 999.906 999.294 996.112 996.204 1000.044 1005.290 1012.235 1019.316 1025.633 1029.676 1030.216 1025.522 1017.976 1012.206 1008.486 1007.140 1007.169 1005.778 1002.537 995.952 989.461 987.045 989.863 997.760 1009.897
869.825 869.312 870.045 871.715 873.965 876.354 878.444 879.553 880.003 879.974 879.250 878.439 877.528 876.730 876.299 876.508 877.061 877.959 880.049 885.903 895.450 903.653 909.891 914.909 918.555 923.190 928.883 934.592 940.185 946.306 951.735 956.709 960.966 964.211 965.556 966.714 971.228 980.580 993.825 1002.596 1004.470 1004.269 1005.381 1008.522 1013.721 1021.990 1031.188 1037.733 1040.192 1039.593 1033.542 1023.433 1017.361 1014.259 1013.729 1015.215 1014.828 1011.163 1004.602 997.660 995.065 998.014 1007.665 1021.688
