test/Acheron_G20230122/DATA/ac_elev.asc
ncols 210
nrows 170
xllcenter 1489200.00
yllcenter 5201200.00
cellsize 20.00
NODATA_value -9999.000
[rows 0 to 28 of 170, columns 64 to 127 of 210]
1278.178 1279.792 1280.888 1285.138 1292.111 1299.913 1306.578 1314.738 1325.746 1338.822 1349.235 1356.939 1363.961 1371.805 1378.483 1378.574 1370.462 1359.513 1351.294 1347.112 1346.344 1347.648 1349.419 1350.995 1354.799 1360.820 1367.651 1373.582 1379.506 1384.268 1385.279 1382.252 1374.863 1362.417 1348.544 1333.815 1319.820 1305.495 1290.154 1274.471 1258.609 1241.858 1228.298 1215.088 1198.726 1181.316 1169.959 1162.746 1155.760 1150.065 1149.904 1151.390 1151.222 1148.454 1142.802 1131.455 1118.042 1105.155 1090.819 1077.962 1067.862 1057.039 1043.703 1035.124
1267.023 1269.244 1271.379 1275.907 1283.099 1292.803 1300.945 1308.906 1317.572 1329.449 1341.638 1350.109 1357.519 1364.799 1369.889 1369.353 1361.775 1350.645 1341.229 1335.671 1333.061 1333.098 1334.473 1336.830 1341.644 1349.072 1358.141 1366.208 1374.492 1380.268 1381.498 1379.401 1373.205 1363.532 1349.833 1333.819 1318.615 1302.789 1288.537 1274.227 1258.487 1241.369 1227.868 1215.026 1198.758 1181.453 1170.126 1162.359 1151.900 1140.083 1134.970 1135.229 1138.394 1140.170 1139.135 1132.677 1123.194 1111.743 1098.160 1084.823 1073.800 1063.378 1050.802 1038.600
1256.681 1259.787 1262.817 1267.244 1274.192 1284.110 1294.453 1303.359 1311.240 1320.551 1331.949 1341.196 1349.704 1356.915 1360.615 1360.300 1354.004 1342.233 1331.947 1325.330 1321.371 1321.189 1323.510 1325.866 1330.941 1339.122 1349.214 1358.842 1367.588 1374.765 1377.205 1375.217 1369.791 1360.995 1348.182 1332.056 1315.559 1299.966 1288.218 1276.492 1259.827 1242.639 1229.936 1217.061 1199.259 1181.500 1169.512 1160.257 1147.884 1133.260 1123.511 1120.675 1123.378 1126.420 1127.320 1125.500 1120.653 1111.850 1100.078 1087.162 1075.055 1063.854 1052.160 1039.698
1246.561 1250.812 1254.829 1258.808 1263.801 1273.822 1285.336 1296.346 1304.519 1312.519 1321.239 1330.450 1339.846 1348.194 1352.675 1352.429 1346.184 1334.408 1323.049 1316.162 1311.988 1311.281 1313.561 1316.722 1322.319 1331.515 1341.690 1351.966 1361.144 1368.033 1370.742 1369.336 1364.721 1356.684 1344.529 1329.049 1311.356 1296.950 1287.660 1277.790 1261.351 1245.393 1231.894 1216.964 1198.334 1181.049 1168.213 1158.020 1145.423 1129.587 1116.190 1109.205 1107.941 1109.150 1109.683 1109.893 1108.674 1103.505 1094.612 1083.744 1071.675 1059.431 1048.098 1037.021
1237.408 1242.471 1246.743 1250.651 1255.712 1263.619 1274.844 1286.194 1296.274 1304.039 1311.694 1319.829 1329.191 1338.785 1344.321 1344.653 1338.816 1325.734 1314.967 1306.937 1301.710 1299.981 1303.015 1308.397 1316.164 1325.749 1335.911 1345.391 1354.612 1360.894 1363.720 1362.744 1359.408 1352.361 1341.068 1327.008 1309.892 1295.104 1285.469 1276.379 1261.444 1246.869 1232.516 1215.877 1197.177 1181.622 1167.905 1156.012 1144.450 1128.987 1113.784 1103.531 1097.768 1094.499 1091.075 1090.135 1090.276 1088.531 1082.813 1074.858 1064.274 1052.469 1041.668 1031.928
1228.340 1233.648 1238.575 1242.732 1247.802 1255.187 1264.949 1275.437 1285.161 1294.044 1302.291 1310.526 1318.970 1327.360 1333.668 1334.959 1329.595 1318.091 1306.843 1296.532 1288.927 1287.761 1293.025 1300.355 1309.321 1319.326 1329.126 1337.852 1345.876 1352.614 1356.067 1356.212 1353.703 1348.307 1339.587 1326.601 1309.840 1293.766 1281.781 1272.378 1260.315 1247.018 1232.836 1216.571 1199.011 1184.512 1170.187 1157.111 1144.966 1129.832 1115.063 1104.302 1096.497 1088.888 1080.595 1076.229 1074.784 1073.672 1070.438 1063.848 1054.510 1044.374 1037.273 1031.700
1218.454 1223.685 1228.837 1233.972 1239.523 1246.305 1255.497 1265.510 1274.774 1283.625 1292.510 1300.803 1308.953 1316.431 1322.140 1324.691 1320.669 1311.485 1299.417 1286.028 1277.918 1278.359 1285.115 1293.557 1301.631 1310.907 1320.784 1329.535 1336.978 1343.416 1347.492 1348.823 1347.712 1343.946 1337.294 1326.100 1310.070 1293.405 1280.334 1270.347 1259.757 1247.167 1233.661 1219.083 1202.455 1186.904 1172.578 1159.407 1146.228 1132.015 1119.085 1108.625 1100.141 1089.619 1078.314 1070.389 1066.082 1063.449 1060.397 1052.930 1042.586 1038.174 1036.601 1037.336
1209.110 1215.228 1220.259 1225.016 1230.669 1237.160 1245.834 1255.947 1265.250 1273.519 1281.210 1289.638 1298.833 1306.408 1312.331 1315.344 1312.817 1304.814 1291.807 1278.311 1271.666 1272.581 1278.934 1286.487 1293.969 1301.781 1310.961 1319.556 1326.955 1333.345 1338.479 1341.056 1341.952 1339.729 1334.263 1324.529 1309.866 1293.634 1280.341 1269.983 1259.787 1247.407 1234.128 1220.593 1204.107 1188.101 1173.763 1160.705 1147.501 1134.133 1123.003 1112.708 1102.265 1089.228 1076.571 1069.010 1063.702 1059.888 1055.920 1047.446 1040.376 1039.926 1041.442 1046.517
1202.413 1209.066 1214.378 1218.599 1223.298 1229.285 1236.705 1246.029 1255.604 1263.997 1271.355 1279.180 1287.607 1295.179 1301.426 1305.241 1303.636 1296.228 1283.309 1271.261 1264.751 1264.398 1268.798 1276.495 1284.180 1292.115 1300.141 1308.402 1315.661 1321.548 1327.577 1333.193 1336.333 1335.086 1330.003 1321.088 1308.413 1293.749 1280.490 1269.515 1259.303 1246.813 1232.783 1218.652 1203.672 1188.185 1174.533 1162.948 1149.292 1134.861 1123.752 1112.855 1100.942 1089.506 1079.901 1074.059 1068.687 1064.123 1060.549 1055.366 1051.603 1051.264 1053.006 1057.904
1194.983 1203.324 1209.367 1214.066 1217.973 1222.849 1229.037 1236.949 1245.927 1254.630 1261.676 1268.970 1275.836 1282.237 1288.829 1293.160 1292.085 1284.594 1274.059 1262.732 1255.421 1252.916 1255.045 1261.747 1271.750 1281.804 1290.411 1298.243 1304.124 1309.077 1315.619 1323.472 1328.840 1329.559 1325.195 1317.304 1306.516 1293.405 1279.896 1267.156 1255.922 1243.561 1229.018 1214.372 1200.121 1184.690 1173.545 1163.672 1149.633 1133.725 1121.306 1111.624 1102.359 1096.562 1091.888 1087.376 1081.141 1075.747 1072.708 1070.242 1068.468 1066.795 1066.382 1068.724
1185.600 1196.638 1203.488 1208.167 1211.870 1216.191 1221.206 1228.336 1236.518 1244.814 1251.889 1258.489 1264.076 1269.213 1275.219 1279.648 1279.659 1274.424 1265.025 1253.760 1244.474 1240.149 1240.580 1245.739 1256.884 1268.595 1278.552 1286.796 1292.928 1297.423 1303.342 1312.380 1320.100 1323.259 1320.219 1313.219 1303.578 1291.184 1277.026 1262.529 1250.414 1237.476 1222.593 1208.608 1194.826 1180.457 1170.671 1161.184 1146.767 1131.418 1119.950 1113.792 1110.971 1110.272 1109.070 1105.095 1098.360 1092.036 1088.731 1086.591 1084.815 1081.682 1079.977 1080.723
1178.330 1188.420 1196.250 1200.833 1204.167 1207.745 1212.655 1218.869 1225.703 1233.727 1241.002 1247.347 1252.935 1257.279 1262.131 1266.186 1266.861 1264.057 1256.867 1245.337 1235.093 1229.631 1229.443 1233.656 1241.922 1252.988 1263.358 1273.399 1281.600 1287.656 1293.710 1300.886 1309.023 1314.188 1312.854 1307.159 1298.630 1286.556 1271.880 1257.523 1244.894 1230.481 1215.586 1201.971 1188.608 1176.346 1166.971 1156.698 1142.060 1129.969 1121.466 1119.983 1121.364 1123.864 1123.587 1119.144 1112.272 1106.335 1102.954 1100.679 1099.233 1096.203 1094.445 1095.567
1169.801 1180.044 1187.546 1191.725 1195.044 1199.107 1204.025 1209.899 1215.581 1222.204 1229.621 1236.302 1242.463 1246.799 1251.338 1254.943 1256.322 1254.987 1248.735 1238.256 1226.933 1220.086 1219.840 1223.949 1230.644 1238.993 1248.543 1258.787 1268.190 1277.251 1285.249 1292.523 1299.285 1303.782 1303.660 1299.553 1292.226 1281.419 1268.249 1254.377 1240.430 1224.251 1209.866 1197.837 1185.727 1174.123 1163.819 1152.851 1140.778 1133.305 1129.769 1131.067 1133.425 1134.977 1133.958 1128.824 1121.496 1116.316 1114.422 1113.667 1112.953 1111.322 1110.527 1111.194
1161.265 1170.487 1177.543 1180.684 1185.055 1191.043 1196.845 1202.469 1207.235 1212.549 1218.583 1224.783 1230.875 1235.520 1240.556 1244.920 1247.598 1246.950 1240.901 1230.249 1218.100 1209.113 1207.633 1212.182 1220.228 1228.428 1237.334 1246.300 1255.386 1265.295 1275.564 1283.807 1290.148 1294.239 1294.974 1292.148 1285.976 1276.794 1265.575 1252.786 1238.272 1221.297 1207.019 1195.722 1185.000 1173.131 1161.213 1151.642 1143.854 1140.526 1140.917 1144.334 1146.696 1147.105 1144.867 1138.924 1131.357 1126.780 1125.472 1125.216 1125.289 1125.182 1125.164 1125.050
1154.711 1160.418 1165.609 1169.817 1176.180 1183.635 1189.584 1194.697 1198.704 1201.833 1206.993 1212.921 1218.599 1222.876 1228.397 1233.600 1237.755 1237.491 1231.083 1219.902 1206.248 1196.876 1194.741 1198.630 1207.291 1217.346 1226.953 1236.467 1244.918 1253.679 1262.781 1272.682 1279.707 1283.909 1285.505 1284.362 1279.825 1271.692 1261.478 1249.932 1236.555 1220.932 1208.355 1197.995 1186.779 1174.764 1162.012 1154.032 1150.483 1150.880 1154.348 1158.291 1159.757 1159.776 1157.488 1150.953 1142.983 1138.873 1136.248 1135.195 1135.282 1135.471 1135.632 1135.283
1146.799 1149.899 1154.162 1159.154 1166.426 1174.950 1181.039 1185.709 1189.062 1191.484 1195.573 1201.202 1207.478 1212.706 1217.429 1221.389 1224.698 1223.495 1217.742 1206.739 1193.974 1185.693 1184.300 1188.191 1195.618 1205.624 1216.311 1226.114 1235.040 1243.351 1251.492 1260.471 1267.875 1273.124 1275.505 1275.015 1271.321 1264.529 1255.824 1245.741 1234.296 1222.008 1212.262 1201.725 1190.723 1179.550 1167.645 1160.486 1159.995 1162.607 1166.810 1169.525 1170.475 1170.409 1168.524 1163.259 1155.688 1149.904 1146.057 1144.490 1144.426 1144.733 1145.024 1144.577
1139.967 1140.800 1144.540 1150.226 1157.518 1165.378 1172.248 1177.096 1179.692 1180.609 1183.875 1189.117 1196.505 1203.146 1208.493 1211.914 1213.221 1210.758 1204.074 1192.896 1181.092 1174.240 1173.941 1179.498 1186.755 1196.135 1206.672 1216.866 1225.600 1233.789 1241.527 1249.426 1256.279 1261.749 1264.966 1263.950 1260.373 1255.222 1248.261 1240.952 1233.023 1224.858 1218.190 1207.832 1195.598 1184.780 1175.292 1170.466 1172.197 1176.742 1179.797 1180.763 1180.904 1180.892 1179.900 1175.685 1169.369 1162.728 1157.586 1154.935 1154.441 1154.733 1155.052 1154.602
1137.735 1136.151 1138.289 1143.656 1151.034 1158.167 1164.296 1168.508 1169.953 1170.535 1173.019 1177.137 1183.245 1191.127 1198.034 1201.829 1201.527 1198.580 1191.763 1181.380 1170.778 1163.358 1162.182 1168.909 1178.223 1188.410 1198.731 1208.621 1216.932 1224.690 1232.215 1238.800 1244.820 1250.178 1252.652 1250.810 1247.500 1243.585 1238.972 1234.995 1230.674 1226.645 1222.761 1214.815 1202.149 1190.695 1182.224 1180.302 1183.967 1188.965 1192.515 1193.686 1193.722 1193.545 1192.223 1188.695 1184.676 1179.103 1172.924 1168.994 1167.094 1166.642 1166.179 1164.969
1136.456 1131.837 1132.444 1137.103 1144.130 1151.342 1156.744 1159.381 1159.527 1160.071 1163.065 1167.505 1172.680 1178.189 1183.757 1188.372 1188.496 1186.176 1180.993 1172.787 1162.818 1153.930 1151.522 1157.175 1168.241 1180.046 1190.162 1199.646 1207.946 1215.307 1221.650 1227.463 1232.734 1236.936 1238.115 1235.877 1233.113 1229.872 1227.488 1227.217 1226.737 1226.188 1225.039 1220.865 1210.580 1198.660 1191.745 1191.174 1195.377 1199.939 1203.516 1205.521 1205.674 1204.911 1203.169 1200.555 1198.081 1193.641 1188.717 1184.359 1180.892 1179.318 1177.042 1174.535
1133.450 1125.493 1123.985 1127.013 1133.711 1141.364 1146.135 1147.355 1147.171 1149.501 1154.417 1159.770 1164.514 1168.455 1171.967 1174.789 1174.978 1173.510 1170.009 1163.555 1154.289 1143.360 1141.002 1146.992 1158.094 1169.963 1180.044 1188.825 1197.454 1204.859 1211.425 1216.672 1220.319 1221.697 1221.619 1220.569 1219.175 1216.854 1217.036 1220.186 1222.426 1224.338 1225.186 1223.500 1217.784 1208.195 1201.473 1200.861 1204.732 1209.177 1212.754 1215.241 1215.311 1213.602 1212.297 1211.043 1208.900 1205.655 1201.595 1197.921 1193.619 1189.699 1185.360 1180.679
1129.078 1120.223 1116.339 1116.382 1120.538 1127.417 1133.117 1135.389 1136.317 1140.279 1146.340 1151.957 1156.548 1159.648 1161.576 1164.052 1163.458 1160.964 1158.270 1152.452 1143.556 1134.557 1132.586 1138.329 1148.383 1160.182 1169.716 1177.457 1185.201 1193.246 1200.629 1206.298 1209.592 1209.748 1207.891 1206.470 1205.728 1205.231 1207.381 1213.798 1219.495 1222.582 1224.339 1223.866 1220.593 1216.412 1211.066 1209.863 1212.580 1216.891 1220.133 1222.269 1222.221 1220.405 1220.095 1219.779 1217.743 1215.343 1211.736 1207.739 1202.999 1197.825 1192.278 1184.958
1125.720 1117.246 1111.219 1108.765 1110.278 1114.290 1119.386 1123.809 1127.628 1132.715 1138.608 1143.184 1146.765 1149.710 1151.522 1152.893 1152.156 1149.418 1146.104 1140.950 1132.762 1125.123 1123.967 1129.588 1139.415 1150.496 1159.845 1167.485 1174.102 1181.102 1188.673 1195.566 1199.537 1199.110 1195.504 1192.993 1192.680 1194.418 1199.561 1208.471 1216.655 1221.146 1223.656 1224.257 1222.880 1220.194 1217.487 1216.992 1219.360 1223.199 1226.884 1228.837 1229.032 1228.145 1227.363 1226.134 1223.922 1221.771 1218.396 1214.767 1209.488 1203.562 1197.330 1188.642
1124.327 1115.418 1107.595 1102.922 1102.678 1104.296 1108.477 1114.303 1119.848 1124.841 1129.689 1134.076 1137.355 1139.802 1140.455 1140.770 1140.481 1138.857 1135.445 1130.787 1123.631 1117.483 1117.263 1122.998 1132.087 1141.431 1150.231 1158.180 1164.383 1170.679 1177.190 1184.104 1188.241 1187.042 1182.298 1179.479 1179.918 1184.658 1194.099 1205.256 1214.349 1220.065 1223.638 1225.068 1224.648 1223.143 1222.365 1223.108 1225.851 1230.042 1233.567 1235.266 1235.522 1235.028 1233.534 1231.275 1228.646 1225.775 1222.224 1218.636 1213.049 1206.459 1199.636 1190.126
1124.060 1114.865 1105.546 1099.477 1096.803 1096.546 1100.074 1106.462 1112.686 1117.563 1121.226 1125.154 1128.432 1130.084 1130.891 1131.658 1131.325 1129.398 1126.545 1122.804 1117.735 1111.745 1111.752 1118.355 1126.439 1134.400 1141.488 1148.736 1155.334 1161.021 1166.728 1173.038 1177.835 1176.249 1170.517 1166.588 1168.397 1175.596 1187.983 1201.711 1211.774 1219.358 1223.583 1225.760 1226.348 1226.334 1226.906 1228.715 1231.963 1236.074 1238.870 1240.019 1240.043 1239.879 1237.580 1234.330 1231.075 1227.933 1224.443 1220.004 1212.959 1205.070 1197.622 1189.189
1123.869 1114.736 1104.613 1096.606 1091.589 1089.826 1092.545 1098.942 1105.347 1111.009 1114.996 1117.717 1119.505 1119.868 1121.130 1123.505 1123.587 1121.234 1119.485 1116.078 1110.617 1104.549 1104.717 1112.134 1120.541 1127.238 1133.494 1139.831 1146.056 1151.976 1157.146 1162.059 1166.534 1166.403 1160.901 1156.506 1159.008 1166.819 1179.437 1194.503 1205.696 1214.838 1221.596 1225.100 1226.943 1228.352 1230.114 1232.581 1235.733 1238.912 1240.622 1241.875 1242.171 1241.360 1238.389 1234.200 1230.226 1226.639 1222.530 1216.599 1208.499 1200.275 1193.055 1186.031
1124.037 1115.006 1104.742 1095.112 1087.522 1083.318 1084.097 1089.302 1096.635 1103.617 1107.876 1109.120 1108.096 1107.403 1109.297 1112.813 1114.423 1114.232 1112.849 1109.703 1104.794 1099.770 1100.088 1106.352 1113.819 1119.170 1124.071 1130.520 1137.562 1143.969 1149.100 1153.583 1157.332 1157.630 1151.636 1147.135 1150.353 1158.541 1169.883 1183.727 1196.269 1206.751 1216.117 1222.104 1225.716 1228.683 1231.522 1234.339 1237.048 1239.271 1240.041 1241.277 1241.194 1239.536 1235.253 1229.969 1225.196 1220.755 1215.342 1207.842 1199.879 1192.184 1185.819 1180.206
1125.738 1116.529 1105.590 1094.713 1085.295 1079.395 1077.120 1079.499 1085.362 1092.215 1097.145 1097.581 1094.984 1093.439 1095.093 1098.949 1101.837 1104.154 1103.851 1100.861 1096.705 1093.199 1094.808 1099.829 1105.461 1109.996 1114.672 1121.313 1129.318 1136.218 1141.057 1145.010 1147.563 1145.926 1139.595 1135.904 1141.009 1150.550 1161.907 1175.316 1188.172 1199.250 1209.275 1217.451 1223.138 1227.651 1231.350 1234.257 1236.376 1237.660 1238.019 1237.789 1236.291 1232.418 1227.081 1221.402 1216.147 1210.389 1203.431 1195.496 1188.225 1181.690 1176.830 1172.505
1129.925 1119.401 1107.478 1096.114 1084.957 1076.636 1072.125 1071.218 1073.490 1077.465 1081.171 1081.896 1080.977 1080.396 1081.376 1084.792 1087.832 1089.738 1089.387 1085.819 1081.969 1080.979 1084.715 1090.476 1095.645 1099.722 1104.375 1111.546 1119.581 1126.707 1132.358 1135.764 1137.217 1133.200 1126.594 1123.294 1131.171 1143.677 1155.673 1169.214 1182.788 1193.955 1203.897 1213.515 1220.578 1226.202 1230.243 1232.883 1234.211 1234.284 1233.159 1230.920 1227.405 1221.609 1215.460 1209.574 1203.440 1196.401 1188.482 1181.306 1175.354 1170.145 1166.058 1162.592
1133.991 1121.482 1109.964 1098.620 1085.919 1075.739 1068.775 1064.728 1063.874 1065.616 1068.864 1070.706 1071.215 1071.683 1072.700 1074.484 1075.430 1075.415 1074.767 1073.108 1071.484 1071.808 1075.138 1079.569 1083.853 1087.827 1092.968 1100.185 1108.733 1116.969 1123.194 1125.603 1124.634 1119.981 1115.475 1115.407 1123.432 1137.492 1150.072 1163.339 1178.246 1190.264 1200.773 1211.510 1219.890 1225.188 1228.743 1230.803 1231.245 1229.950 1227.019 1222.256 1216.599 1208.288 1200.624 1194.319 1187.735 1180.910 1174.600 1168.584 1162.415 1157.623 1152.818 1149.148
