test/Acheron_G20230122/DATA/ac_elev.asc
ncols 210
nrows 170
xllcenter 1489200.00
yllcenter 5201200.00
cellsize 20.00
NODATA_value -9999.000
[rows 29 to 57 of 170, columns 0 to 63 of 210]
1542.283 1535.717 1530.625 1526.654 1522.296 1515.798 1508.044 1500.281 1493.720 1488.433 1484.272 1481.570 1479.820 1479.627 1480.241 1483.734 1489.070 1495.233 1500.959 1504.810 1504.207 1496.744 1484.551 1469.947 1455.360 1441.831 1428.683 1416.457 1405.948 1395.541 1385.101 1377.169 1370.048 1361.370 1350.844 1340.598 1331.881 1323.928 1317.697 1312.186 1308.115 1304.474 1301.445 1299.301 1295.731 1292.951 1290.494 1288.112 1284.933 1280.246 1275.241 1269.839 1264.349 1258.948 1251.379 1241.713 1231.858 1220.893 1207.881 1194.107 1181.118 1168.360 1156.826 1147.511
1553.458 1544.420 1537.687 1533.064 1528.500 1522.552 1515.064 1506.861 1499.524 1493.550 1488.592 1485.284 1484.003 1484.815 1487.688 1492.939 1498.820 1504.175 1509.470 1512.685 1511.255 1503.143 1491.541 1478.311 1463.752 1449.972 1436.386 1422.701 1412.203 1403.079 1393.887 1385.708 1378.524 1370.568 1362.249 1353.064 1344.811 1338.600 1333.193 1328.459 1324.500 1321.414 1319.896 1317.659 1313.421 1310.840 1308.806 1305.626 1300.797 1294.009 1287.811 1281.055 1274.291 1266.684 1257.352 1247.019 1236.876 1226.562 1213.900 1199.302 1186.443 1174.556 1162.112 1151.462
1563.215 1555.640 1545.886 1538.917 1532.959 1526.448 1519.267 1510.797 1502.843 1495.940 1489.594 1485.646 1484.525 1486.211 1491.335 1499.096 1505.514 1510.932 1515.863 1519.643 1519.645 1512.865 1500.234 1487.399 1474.497 1460.676 1446.229 1432.871 1422.288 1413.925 1405.248 1396.584 1388.927 1381.530 1373.952 1366.100 1358.777 1353.057 1348.643 1345.061 1342.147 1340.950 1340.504 1338.432 1333.550 1330.039 1327.153 1322.671 1315.445 1305.431 1298.654 1291.512 1283.723 1274.996 1264.094 1252.620 1241.719 1231.650 1219.141 1202.884 1189.865 1178.928 1166.705 1155.073
1570.696 1563.186 1553.354 1543.435 1535.503 1528.025 1520.184 1511.190 1502.756 1494.492 1487.075 1482.900 1481.997 1483.458 1489.646 1499.673 1507.972 1514.212 1518.860 1522.834 1524.582 1520.385 1509.510 1496.476 1485.152 1472.830 1459.290 1446.599 1436.142 1427.854 1419.500 1410.871 1403.249 1396.492 1388.723 1381.205 1373.965 1367.938 1364.062 1362.398 1361.312 1360.085 1359.095 1356.331 1349.500 1343.164 1338.154 1329.845 1319.784 1309.094 1302.360 1296.556 1289.406 1281.128 1269.865 1257.506 1246.757 1236.216 1222.902 1205.303 1191.923 1181.338 1170.490 1158.636
1575.894 1567.632 1557.481 1544.663 1534.679 1526.194 1517.720 1507.080 1498.039 1488.590 1481.110 1477.500 1476.423 1477.497 1483.055 1495.300 1506.220 1514.365 1520.210 1524.820 1526.963 1525.221 1518.348 1505.397 1494.513 1484.824 1474.339 1462.285 1451.460 1442.237 1434.051 1426.109 1418.410 1410.659 1403.077 1396.987 1389.590 1381.844 1379.203 1378.677 1377.164 1372.961 1369.073 1363.964 1355.676 1346.073 1337.603 1327.115 1314.392 1302.790 1296.304 1292.196 1288.237 1283.157 1273.447 1260.995 1250.615 1239.639 1225.367 1207.381 1193.920 1184.033 1173.307 1160.375
1579.075 1568.946 1557.057 1542.323 1531.024 1521.094 1510.894 1499.761 1490.037 1480.746 1473.772 1469.776 1468.565 1470.224 1475.663 1486.408 1500.635 1511.686 1519.987 1524.482 1526.004 1525.733 1522.523 1512.665 1501.245 1493.102 1485.028 1475.806 1463.750 1453.277 1444.735 1437.491 1427.962 1418.410 1408.552 1402.298 1396.900 1389.529 1385.348 1383.223 1380.110 1374.921 1369.417 1362.935 1353.631 1342.393 1331.769 1319.067 1304.319 1292.866 1284.329 1280.512 1279.027 1276.917 1270.370 1261.158 1251.886 1240.557 1226.424 1209.421 1194.821 1184.333 1173.578 1160.581
1579.968 1568.118 1554.653 1540.407 1527.159 1515.596 1504.071 1492.401 1482.522 1473.686 1465.790 1460.552 1459.366 1462.298 1468.639 1478.463 1492.082 1505.387 1515.551 1519.986 1520.394 1520.373 1519.229 1511.556 1501.337 1493.464 1485.987 1477.820 1465.647 1455.156 1446.884 1439.041 1427.602 1415.624 1403.926 1397.478 1392.208 1385.584 1379.880 1375.359 1370.739 1366.272 1361.274 1354.991 1346.394 1336.134 1323.875 1309.285 1295.254 1283.718 1273.305 1266.441 1262.479 1260.717 1259.531 1256.881 1249.030 1238.212 1223.876 1207.298 1192.964 1181.780 1171.552 1159.680
1579.380 1566.745 1552.891 1538.570 1523.312 1510.396 1498.063 1486.020 1476.163 1466.933 1457.622 1449.824 1447.798 1452.874 1461.831 1472.070 1483.633 1496.532 1505.865 1510.754 1511.483 1510.419 1507.844 1501.870 1494.085 1485.302 1476.438 1467.057 1456.730 1447.044 1438.713 1429.530 1417.911 1406.138 1395.459 1387.637 1380.720 1372.737 1364.726 1358.107 1353.124 1350.481 1347.830 1343.015 1336.925 1327.912 1314.741 1299.786 1287.206 1274.751 1261.600 1252.036 1244.979 1241.924 1242.300 1243.634 1239.617 1230.105 1216.532 1200.796 1188.377 1178.582 1167.922 1156.369
1575.203 1562.150 1548.570 1534.498 1519.915 1505.876 1492.186 1480.512 1471.309 1461.013 1448.929 1439.645 1437.224 1441.928 1453.888 1466.183 1476.807 1486.501 1494.090 1498.129 1498.586 1497.262 1494.416 1490.259 1483.345 1473.383 1462.356 1453.317 1443.672 1433.783 1423.711 1413.326 1402.538 1392.932 1384.313 1376.080 1367.139 1357.501 1348.955 1341.614 1336.225 1334.035 1333.429 1331.470 1326.748 1318.217 1304.894 1291.877 1279.083 1264.454 1251.435 1240.726 1232.587 1226.782 1224.250 1226.181 1225.604 1218.302 1206.100 1192.627 1181.796 1173.278 1163.130 1151.261
1566.892 1554.068 1540.924 1527.394 1514.370 1500.473 1486.268 1475.741 1467.633 1457.509 1443.016 1433.117 1430.041 1434.113 1445.162 1459.153 1469.368 1476.485 1480.727 1482.224 1482.154 1481.376 1480.366 1478.051 1471.693 1462.307 1452.445 1442.515 1432.162 1421.160 1410.586 1398.973 1387.943 1380.003 1373.391 1365.230 1354.814 1344.076 1334.223 1326.051 1320.219 1318.374 1318.751 1318.644 1314.897 1306.880 1295.759 1283.782 1269.911 1255.778 1243.650 1232.886 1223.386 1215.138 1209.572 1210.785 1211.483 1205.602 1195.040 1184.224 1175.033 1166.393 1155.860 1143.778
1555.914 1543.320 1530.724 1517.957 1506.604 1494.031 1481.167 1472.167 1464.303 1453.246 1438.877 1428.301 1424.546 1428.070 1437.499 1450.089 1460.273 1465.906 1469.073 1470.235 1469.609 1467.854 1466.836 1465.423 1460.523 1453.130 1444.233 1433.565 1421.635 1411.039 1400.791 1388.312 1377.690 1370.807 1364.062 1354.588 1342.758 1330.804 1319.184 1309.615 1303.079 1301.204 1301.899 1302.974 1300.424 1294.038 1285.196 1274.388 1260.738 1248.055 1236.268 1224.546 1212.265 1200.549 1194.946 1196.979 1198.643 1193.737 1184.238 1175.842 1167.791 1158.814 1147.159 1134.770
1545.577 1532.611 1520.073 1508.485 1498.375 1487.360 1477.031 1468.735 1460.311 1448.236 1434.162 1423.700 1420.088 1423.146 1430.758 1440.549 1449.451 1454.751 1458.411 1459.727 1459.222 1456.794 1454.731 1453.144 1449.620 1443.364 1434.590 1424.260 1413.240 1402.282 1391.411 1379.649 1370.482 1363.295 1354.465 1342.887 1331.007 1318.193 1305.135 1296.089 1290.167 1287.210 1286.832 1287.174 1284.539 1278.414 1271.994 1262.967 1253.028 1241.521 1228.930 1214.453 1198.309 1186.110 1181.028 1182.635 1185.236 1182.050 1175.302 1167.312 1159.422 1149.799 1138.364 1126.323
1537.865 1523.254 1511.373 1501.076 1491.529 1481.639 1472.958 1464.845 1455.869 1443.775 1430.111 1419.776 1416.635 1418.563 1422.964 1430.131 1437.588 1442.118 1445.753 1447.162 1447.022 1445.797 1443.671 1441.165 1438.813 1433.288 1425.085 1416.513 1407.058 1395.364 1382.755 1372.416 1363.485 1354.365 1343.569 1332.083 1320.282 1307.355 1296.122 1287.818 1281.212 1275.710 1272.074 1269.998 1267.338 1262.285 1258.146 1253.449 1246.234 1235.513 1221.104 1203.540 1186.898 1175.564 1170.829 1171.138 1172.658 1170.869 1165.614 1158.160 1149.674 1140.217 1129.713 1118.948
1532.254 1517.456 1506.111 1496.592 1487.322 1478.507 1469.336 1460.772 1451.532 1439.988 1426.813 1416.441 1411.008 1409.255 1411.800 1417.823 1424.171 1428.226 1431.223 1433.327 1433.872 1433.645 1432.630 1430.796 1428.355 1423.901 1418.412 1411.874 1404.173 1391.959 1378.335 1367.047 1356.727 1344.684 1334.335 1322.689 1310.418 1298.953 1289.405 1281.100 1272.642 1264.283 1258.115 1254.150 1252.432 1250.588 1248.632 1245.449 1239.590 1228.796 1212.747 1194.246 1178.977 1168.346 1162.393 1159.688 1158.884 1157.652 1153.344 1146.462 1139.055 1130.573 1121.131 1110.983
1529.890 1515.103 1504.396 1494.697 1484.858 1475.288 1465.735 1457.029 1447.804 1437.873 1425.987 1415.780 1407.430 1400.976 1400.695 1405.189 1410.815 1414.071 1417.093 1419.793 1420.454 1420.168 1419.213 1418.295 1416.808 1413.602 1410.087 1405.922 1401.309 1391.316 1377.888 1363.132 1350.590 1338.706 1327.543 1315.143 1301.328 1291.463 1282.631 1272.576 1261.578 1252.557 1245.307 1240.887 1239.848 1239.131 1238.044 1235.395 1230.202 1220.254 1203.946 1186.802 1172.861 1162.382 1154.130 1147.432 1143.374 1141.844 1139.882 1135.474 1129.302 1121.525 1112.500 1101.711
1529.707 1514.922 1504.303 1493.856 1482.938 1472.692 1462.799 1454.376 1445.135 1435.865 1426.683 1418.321 1408.586 1400.536 1397.037 1396.663 1398.278 1399.946 1403.441 1405.978 1406.867 1406.292 1403.721 1401.988 1401.210 1400.154 1398.434 1395.702 1393.173 1387.348 1376.978 1361.595 1347.559 1334.745 1322.171 1307.597 1294.599 1285.002 1275.015 1262.992 1251.984 1242.403 1234.994 1230.305 1227.987 1224.955 1222.069 1220.771 1217.351 1208.529 1195.162 1180.589 1167.359 1155.812 1144.948 1135.666 1131.112 1130.160 1129.702 1126.882 1120.648 1112.729 1102.673 1090.655
1530.301 1515.572 1504.519 1492.966 1480.617 1470.222 1460.596 1453.047 1444.426 1435.451 1427.150 1419.788 1411.062 1403.092 1395.929 1389.170 1384.733 1383.429 1386.419 1389.255 1391.688 1392.678 1391.035 1388.262 1386.797 1385.600 1382.988 1381.402 1381.146 1379.928 1373.211 1360.745 1347.220 1333.208 1317.909 1301.314 1288.998 1279.067 1267.932 1255.881 1244.573 1234.333 1225.306 1219.955 1216.327 1210.081 1205.547 1205.091 1202.333 1195.913 1186.012 1174.305 1161.828 1149.317 1136.636 1124.483 1119.745 1119.504 1119.817 1117.637 1110.412 1100.596 1089.064 1076.829
1532.916 1517.868 1505.391 1492.958 1480.642 1470.883 1462.318 1454.165 1444.683 1434.973 1425.972 1419.283 1411.936 1404.034 1394.978 1384.937 1376.561 1371.100 1369.146 1370.660 1375.258 1378.539 1379.092 1376.642 1373.906 1371.402 1368.443 1368.074 1369.990 1370.651 1367.136 1358.850 1346.883 1332.503 1315.462 1297.662 1284.918 1273.561 1261.573 1249.813 1238.227 1226.727 1216.500 1209.220 1202.980 1194.879 1189.739 1189.075 1187.905 1184.149 1176.909 1166.614 1155.942 1142.586 1128.872 1115.607 1108.033 1106.306 1106.042 1102.969 1095.113 1083.515 1071.248 1060.257
1537.232 1521.624 1507.495 1494.698 1483.349 1473.724 1464.458 1455.132 1444.981 1434.490 1424.637 1417.822 1411.755 1404.211 1394.997 1384.578 1374.269 1364.819 1358.241 1356.646 1359.474 1363.132 1365.961 1365.329 1362.016 1358.504 1354.769 1354.901 1358.143 1360.177 1359.512 1354.061 1344.198 1330.365 1313.001 1295.244 1281.530 1268.903 1256.187 1243.948 1231.544 1219.387 1208.066 1199.005 1190.798 1181.672 1175.758 1173.914 1173.448 1171.682 1165.943 1157.609 1147.808 1136.109 1122.376 1106.489 1095.053 1089.635 1087.120 1082.467 1074.228 1063.589 1052.849 1044.513
1539.289 1525.310 1511.061 1498.235 1486.585 1476.764 1466.728 1456.688 1445.710 1434.853 1425.738 1419.214 1411.575 1403.713 1395.120 1385.222 1375.204 1364.844 1355.574 1349.309 1348.279 1350.469 1352.669 1353.044 1350.897 1346.491 1341.213 1339.488 1342.653 1347.780 1350.173 1347.335 1339.019 1325.657 1307.727 1292.040 1278.712 1264.751 1251.005 1237.583 1224.189 1211.598 1200.170 1190.220 1180.859 1172.011 1165.302 1161.170 1159.118 1157.755 1153.552 1146.551 1138.736 1128.796 1115.415 1098.351 1082.692 1071.942 1065.673 1059.928 1052.057 1043.822 1036.461 1030.488
1539.796 1527.233 1513.303 1500.197 1488.983 1479.543 1469.789 1459.681 1447.699 1436.109 1426.563 1418.576 1409.276 1401.031 1394.023 1386.274 1378.406 1368.102 1356.944 1344.758 1339.583 1338.414 1337.926 1338.259 1337.597 1333.507 1326.943 1322.994 1326.181 1333.957 1338.960 1338.395 1331.555 1319.683 1302.704 1287.474 1274.169 1259.764 1244.932 1230.437 1216.841 1204.655 1193.693 1183.325 1172.744 1162.882 1155.973 1149.599 1143.706 1141.019 1138.633 1134.045 1127.806 1119.261 1106.304 1090.028 1072.725 1058.529 1050.282 1043.447 1037.531 1031.973 1026.415 1021.098
1538.441 1527.019 1513.792 1500.626 1489.624 1480.224 1471.955 1463.003 1451.516 1438.725 1426.243 1414.833 1404.478 1397.268 1391.813 1386.421 1380.111 1371.618 1359.443 1343.731 1333.918 1326.963 1322.241 1321.461 1321.034 1318.703 1313.734 1310.670 1313.036 1319.470 1325.479 1326.488 1321.906 1312.059 1296.655 1281.448 1268.584 1254.175 1238.901 1224.664 1211.787 1199.839 1188.582 1177.500 1165.603 1155.901 1147.852 1139.839 1131.330 1126.301 1123.072 1120.410 1116.030 1108.354 1096.518 1081.575 1063.712 1050.085 1042.415 1036.987 1032.807 1029.324 1024.997 1019.912
1534.271 1525.079 1513.477 1500.705 1489.601 1480.376 1473.196 1465.115 1453.708 1439.527 1424.551 1410.916 1399.612 1392.849 1388.990 1385.828 1381.791 1375.019 1363.511 1348.010 1334.403 1323.905 1315.761 1310.743 1307.573 1304.051 1300.125 1298.957 1301.449 1308.131 1314.490 1316.404 1313.280 1304.095 1289.751 1276.232 1264.574 1250.001 1234.414 1220.680 1208.017 1195.724 1183.498 1171.091 1159.379 1149.841 1140.693 1130.756 1120.979 1115.105 1111.475 1108.464 1104.169 1097.197 1086.059 1072.104 1055.610 1043.693 1039.079 1035.332 1034.911 1034.879 1032.824 1028.110
1529.554 1521.108 1511.222 1499.881 1488.355 1479.554 1472.518 1464.452 1452.118 1436.337 1419.931 1406.028 1394.598 1387.770 1385.289 1384.096 1381.720 1376.119 1365.861 1352.372 1338.728 1325.979 1314.650 1305.464 1298.450 1291.747 1286.918 1286.124 1290.041 1297.831 1305.004 1308.274 1306.438 1298.601 1285.421 1273.928 1261.794 1246.591 1231.504 1218.813 1205.804 1192.016 1178.122 1164.918 1154.185 1144.746 1134.161 1122.343 1113.420 1107.135 1101.943 1097.614 1091.664 1084.339 1073.938 1061.112 1048.086 1039.552 1037.291 1038.927 1042.816 1046.961 1048.265 1045.636
1523.538 1514.762 1505.408 1495.423 1483.774 1475.301 1468.118 1459.308 1445.568 1428.860 1413.512 1400.149 1387.833 1380.887 1379.713 1379.923 1379.081 1373.871 1365.362 1354.765 1343.198 1330.145 1317.026 1305.330 1293.716 1282.654 1276.381 1274.094 1277.800 1285.483 1293.463 1298.265 1299.011 1294.460 1285.361 1274.564 1260.096 1242.824 1228.211 1215.871 1203.103 1188.785 1173.956 1160.814 1150.494 1140.306 1128.024 1116.753 1108.210 1101.147 1094.114 1085.949 1078.848 1072.177 1064.056 1054.305 1045.261 1040.479 1042.629 1049.842 1057.034 1061.168 1063.589 1063.251
1516.445 1505.864 1496.009 1485.712 1475.583 1467.445 1459.245 1448.541 1435.047 1419.867 1406.517 1393.702 1381.141 1373.875 1371.177 1371.069 1370.803 1367.575 1361.333 1353.762 1344.722 1333.806 1321.516 1308.790 1294.890 1281.233 1271.697 1264.602 1265.547 1271.962 1278.770 1282.987 1286.364 1287.552 1285.037 1277.787 1262.125 1243.145 1227.921 1215.076 1200.837 1186.711 1172.952 1160.371 1149.204 1137.720 1123.668 1113.327 1104.344 1095.439 1085.275 1075.634 1067.986 1062.762 1058.418 1052.128 1048.592 1049.496 1055.681 1063.409 1070.062 1073.890 1075.376 1075.680
1511.018 1498.836 1487.764 1477.151 1467.041 1457.349 1446.544 1436.193 1423.898 1411.149 1399.484 1387.858 1376.370 1367.050 1360.953 1358.568 1358.093 1356.809 1353.142 1347.984 1341.291 1333.368 1323.935 1312.245 1299.066 1286.051 1274.990 1261.925 1258.310 1260.762 1265.208 1269.319 1273.510 1278.330 1281.868 1279.288 1265.227 1245.657 1230.566 1217.562 1201.599 1187.259 1174.630 1162.931 1149.936 1136.491 1123.880 1112.669 1101.175 1089.802 1078.576 1068.716 1061.503 1057.802 1055.003 1053.180 1054.761 1059.120 1066.818 1075.515 1082.245 1086.510 1088.407 1089.894
1507.839 1495.258 1483.449 1472.377 1460.729 1448.304 1437.607 1429.030 1418.692 1405.149 1393.755 1383.803 1373.015 1361.412 1351.704 1344.214 1341.594 1340.416 1338.847 1336.706 1332.687 1326.869 1319.488 1309.733 1300.095 1290.784 1280.820 1266.809 1255.981 1251.145 1250.877 1254.257 1258.587 1264.498 1272.041 1274.126 1264.769 1247.752 1233.591 1220.664 1204.973 1190.636 1178.499 1166.778 1153.126 1138.270 1125.672 1113.237 1100.003 1086.364 1075.141 1067.167 1061.318 1059.409 1057.952 1058.351 1062.343 1068.288 1077.376 1087.390 1094.916 1099.307 1101.701 1104.732
1507.767 1495.688 1481.411 1469.846 1457.977 1443.527 1434.144 1426.810 1417.438 1402.322 1390.554 1380.668 1370.792 1359.372 1347.012 1336.722 1330.466 1325.736 1321.811 1319.691 1318.077 1314.621 1308.932 1302.120 1296.554 1290.561 1282.823 1269.478 1254.618 1243.411 1236.438 1235.862 1241.105 1249.537 1259.203 1264.731 1260.690 1248.499 1235.443 1223.452 1208.750 1193.542 1180.810 1169.735 1157.404 1141.320 1127.071 1113.667 1099.957 1084.515 1075.386 1072.570 1072.668 1073.784 1072.282 1071.230 1073.613 1079.100 1089.291 1099.196 1105.598 1110.054 1113.572 1116.925
